10, 2903236
100, 84204
1000, 7912
10000, 775
100000, 75
1000000, 8
20, 2951025
200, 40817
2000, 3940
20000, 387
200000, 37
2000000, 4
30, 2966359
300, 26960
3000, 2608
30000, 256
300000, 25
3000000, 2
40, 2973966
400, 20086
4000, 1949
40000, 189
400000, 18
4000000, 2
50, 2978493
500, 15977
5000, 1570
50000, 154
500000, 15
5000000, 1
60, 2981509
600, 13265
6000, 1297
60000, 126
600000, 12
6000000, 1
70, 2983607
700, 11374
7000, 1109
70000, 109
700000, 10
7000000, 1
80, 2985199
800, 9928
8000, 979
80000, 94
800000, 9
8000000, 1
90, 2986402
900, 8852
9000, 865
90000, 82
900000, 9
9000000, 0
9000000, 0
